ECHEANCE;CUSTCODE;ND;DESTINATION;NB_APPEL;TOTAL_DUREE;TOTAL_MONTANT;POURCENTAGE
02/2024;1.10003230;212653991548;Spec;11;22840.0;324.4;16.923076923076923
02/2024;1.10003230;212653991548;NatOth;9;15930.0;180.25;13.846153846153847
02/2024;1.10003230;212653991548;NatIam;12;7768.0;119.2;18.461538461538463
02/2024;1.10003230;212653991548;NatFixOth;9;52150.0;543.75;13.846153846153847
02/2024;1.10003230;212653991548;NatFix;10;59449.0;593.23;15.384615384615385
02/2024;1.10003230;212653991548;Int;14;60716.0;1757.14;21.53846153846154
02/2024;1.10003229;212661135389;SmsOth;1;1.0;0.8;1.4285714285714286
02/2024;1.10003229;212661135389;SmsIam;3;3.0;2.4;4.285714285714286
02/2024;1.10003229;212661135389;Spec;12;16729.0;288.72;17.142857142857142
02/2024;1.10003229;212661135389;NatIam;10;11750.0;73.75;14.285714285714285
02/2024;1.10003229;212661135389;NatFix;10;61078.0;347.95;14.285714285714285
02/2024;1.10003229;212661135389;NatOth;8;24880.0;74.0;11.428571428571429
02/2024;1.10003229;212661135389;NatFixOth;12;75380.0;294.5;17.142857142857142
02/2024;1.10003229;212661135389;Int;14;85220.0;1575.87;20.0
02/2024;1.10274248;212661389283;NatIam;16;50366.0;0.0;19.753086419753085
02/2024;1.10274248;212661389283;NatFixOth;12;59930.0;68.87;14.814814814814813
02/2024;1.10274248;212661389283;SmsIam;3;3.0;0.0;3.7037037037037033
02/2024;1.10274248;212661389283;Spec;12;29980.0;334.72;14.814814814814813
02/2024;1.10274248;212661389283;SmsOth;2;2.0;0.0;2.4691358024691357
02/2024;1.10274248;212661389283;NatOth;10;45920.0;0.0;12.345679012345679
02/2024;1.10274248;212661389283;Int;14;82179.0;1321.5;17.28395061728395
02/2024;1.10274248;212661389283;NatFix;12;95060.0;43.75;14.814814814814813
02/2024;1.10274248;212661191964;Spec;12;16729.0;158.72;17.142857142857142
02/2024;1.10274248;212661191964;NatOth;9;31760.0;0.0;12.857142857142856
02/2024;1.10274248;212661191964;NatIam;13;54160.0;0.0;18.571428571428573
02/2024;1.10274248;212661191964;NatFixOth;12;75380.0;0.0;17.142857142857142
02/2024;1.10274248;212661191964;NatFix;10;61078.0;0.0;14.285714285714285
02/2024;1.10274248;212661191964;Int;14;85220.0;1166.5;20.0
02/2024;1.10270144;212661108224;SmsIam;3;3.0;0.0;3.7037037037037033
02/2024;1.10270144;212661108224;SmsOth;2;2.0;0.0;2.4691358024691357
02/2024;1.10270144;212661108224;NatOth;10;36920.0;0.0;12.345679012345679
02/2024;1.10270144;212661108224;Spec;12;21369.0;246.4;14.814814814814813
02/2024;1.10270144;212661108224;NatIam;16;38146.0;0.0;19.753086419753085
02/2024;1.10270144;212661108224;NatFixOth;12;58340.0;0.0;14.814814814814813
02/2024;1.10270144;212661108224;NatFix;12;91078.0;0.0;14.814814814814813
02/2024;1.10270144;212661108224;Int;14;79999.0;1224.0;17.28395061728395
